"","years","","f1","f2","f3","f4","j","sharpe"
"1",1978,2.9,-0.0466531326700002,0.095111563376,0.0541777399999999,0.0148730094619998,0.029,30.6735273147004
"2",1978,3.07,0.0792342817279998,0.0676172976980001,-0.03512660548,0.0159843887160003,0.0307,31.9515825722479
"3",1978,3.39,0.0749218676250001,0.0494171065369999,0.00265536166399993,0.0175009944319999,0.0339,35.6066880536879
"4",1978,5.89,-0.0872656129680002,-0.0602799935199999,-0.030507827736,0.0217556112799997,0.0589,80.6505404619646
"5",1979,3.81,0.062289146016,0.0748990047059999,0.0278408242500001,0.0232781653010001,0.0381,32.1822224111225
"6",1979,4.32,0.01493982051,0.0385144677440001,0.0441195260159999,0.02449735136,0.0432,40.6085218485248
"7",1979,4.75,0.0552290416279999,0.0309745585919998,-0.00747743475199991,0.023887602107,0.0475,51.2689188676299
"8",1979,6.19,-0.01581294979,0.0346035020860003,-0.0698690426079999,0.028363648235,0.0619,72.8165138308887
"9",1980,5.54,-0.0922196036200001,-0.06817257964,0.0135522631879998,0.02927655152,0.0554,56.7210906208251
"10",1980,2.36,0.127876499532,0.048735728984,0.0055106184,0.0270289525659999,0.0236,-7.44518585972657
"11",1980,3.79,0.10780929358,0.0923678609599998,-0.13153101235,0.0193219244000002,0.0379,40.3380399978543
"12",1980,5.32,0.057456792392,-0.0135363737440001,-0.085814721028,0.0325426047200001,0.0532,44.8528068782394
"13",1981,2.96,-0.0110871677439998,0.0636733780000001,0.0866493094799998,0.0335679364879999,0.0296,-8.61546611221072
"14",1981,4.23,-0.0430529148399998,0.056341990388,0.0705582509989999,0.0362269266999999,0.0423,13.1862889870739
"15",1981,3.21,-0.150250313854,-0.06629218579,0.0958821273400001,0.0380731681279998,0.0321,-12.9693677670881
"16",1981,5.29,0.0448705811200001,0.023731793152,-0.0163738207500002,0.031828956389,0.0529,45.7509495750498
"17",1982,2.49,-0.106135164568,-0.0101425563200002,0.135365677864,0.0272428812800003,0.0249,-5.08703058474351
"18",1982,2.07,-0.0391419338430001,0.0157923591059999,0.00493163215999992,0.0318311698880001,0.0207,-24.1687882982381
"19",1982,1.52,0.0898260477859998,-0.00490292499400014,0.0170695188800001,0.0233725169800001,0.0152,-17.7447505285419
"20",1982,3.04,0.17138447405,0.0706997052080001,-0.055202598304,0.0190191590389999,0.0304,24.7108919017451
"21",1983,1.75,0.0928042736800001,0.0790416639599998,0.0188030494639999,0.0195255795139999,0.0175,-4.39808240712314
"22",1983,2.54,0.105164817988,0.0766229782000003,-0.046955728758,0.0208431182329998,0.0254,9.89422601890747
"23",1983,2.96,-0.0367150678,-0.0232958355520001,0.126102807992,0.0227706674240002,0.0296,14.8283329522747
"24",1983,5.31,-0.0311019738879998,-0.0189925336000002,0.0607003399999999,0.0220601683600001,0.0531,67.3958916509627
"25",1984,3.35,-0.0605933497280001,-0.0201461835520002,0.11706251644,0.0221616639080002,0.0335,24.6186023049776
"26",1984,3.16,-0.0475650899919999,-0.0142725466720001,-0.011958840076,0.0235829038499999,0.0316,17.4072897606978
"27",1984,2.46,0.06400261376,-0.022302297436,0.037860200253,0.0253105453159999,0.0246,-1.54278656165499
"28",1984,4.21,-0.00792783974399991,-0.0238204715200001,0.0439303685119998,0.0238841872000002,0.0421,39.5514692232078
"29",1985,2.08,0.0838929518480001,0.0291030174919999,-0.0174453573109999,0.01861419374,0.0208,4.74597812183751
"30",1985,2.6,0.0540296642719997,-0.0161437829500001,0.0328063852579998,0.0194236813600002,0.026,14.2789710867013
"31",1985,2.39,-0.062128906792,0.00890798008000004,0.0187926166529999,0.0178045045999999,0.0239,13.2349734464393
"32",1985,3.73,0.150580032448,-0.018366449476,-0.0370851304839999,0.0192218077249999,0.0373,39.2526577444793
"33",1986,2.03,0.13088270636,0.000395031680000102,-0.00852890679999996,0.0169952580800001,0.0203,7.17549086470194
"34",1986,1.96,0.0431294762340002,0.00539135778899991,-0.01668449628,0.0153781324960001,0.0196,9.16681920715151
"35",1986,1.5,-0.0930516471,-0.052881789388,0.11917873664,0.0143681276400001,0.015,1.37196624020716
"36",1986,2.57,0.0242209813060001,-0.0442271329120001,-0.0122344298239999,0.0134596779059999,0.0257,26.5770585094617
"37",1987,1.83,0.193329149012,0.02014498264,-0.075314450756,0.0132580948819998,0.0183,10.9473432391071
"38",1987,1.19,0.0185878755260001,-0.0436202789500001,0.00897786572799997,0.0130561602559998,0.0119,-2.51033743508119
"39",1987,2.09,0.0472112703199998,-0.00842701484999986,0.000729609091999928,0.0138635672899998,0.0209,15.2780035031293
"40",1987,2.67,-0.243830615612,-0.0578656931200002,0.0271994289400002,0.0134581319000002,0.0267,28.7516864806013
"41",1988,1.84,0.066820435675,0.0892782017,0.0422036397500003,0.0119463986959998,0.0184,14.0125184726328
"42",1988,2,0.0507123121040001,0.00348535760000002,0.0284363644159997,0.014671104954,0.02,11.5704761966797
"43",1988,2.39,-0.0136773962500001,-0.0136889882830001,0.0368761504639998,0.017298476558,0.0239,14.3336975467024
"44",1988,3.07,0.00306286608500006,-0.0271878032799998,0.013756063814,0.0182093290509999,0.0307,27.1206337614865
"45",1989,1.75,0.0534104017500001,0.0131524029270003,0.018913862912,0.018411494785,0.0175,-1.97910235090052
"46",1989,2,0.063694167575,-0.0164329842399999,-0.0015724869399999,0.0218569658029999,0.02,-4.03197631707658
"47",1989,2.05,0.0791722803200001,-0.0322183991800001,-0.03489076249,0.0210457367000001,0.0205,-1.18494236469256
"48",1989,1.75,-0.0154886349159999,-0.067145505736,-0.0192340774720001,0.0199307762119998,0.0175,-5.27787431683621
"49",1990,1.38,-0.0512207157049999,0.0121244797999998,-0.0137802536020001,0.017905657936,0.0138,-8.9144967221404
"50",1990,1.52,0.036350177408,-0.016413844,-0.081084154892,0.0201335255959998,0.0152,-10.7120219072572
"51",1990,0.84,-0.17242282792,-0.10100143096,0.0234160481600001,0.0195255492799999,0.0084,-24.1565844341134
"52",1990,-1.43,0.0687405876799998,-0.0445115391239999,-0.043338460375,0.01861399256,-0.0143,-71.4652032298961
"53",1991,0.05,0.151909670915,0.1206506462,-0.0359981248,0.014469069824,5e-04,-30.3306386207911
"54",1991,0.01,-0.017556725152,0.00228366959600002,0.0204232337000001,0.0142670146219999,1e-04,-30.7604304545097
"55",1991,-0.33,0.0496249994880003,0.02285472848,-0.0307847530000001,0.0141663436839998,-0.0033,-37.9241685366736
"56",1991,-5.33,0.075454066544,-0.0186312896,-0.0633419632640001,0.011947222244,-0.0533,-141.669412768855
"57",1992,-0.03,-0.0216951057850001,0.0829842063039998,0.152689893992,0.00963063236800021,-3e-04,-21.5620957891023
"58",1992,-1.03,-0.00989127816000024,-0.0865604250999999,0.0920465359999998,0.00922818867200004,-0.0103,-42.4009931220644
"59",1992,-0.44,0.025057472606,-0.000124512135999955,-0.01810656356,0.00832290095599997,-0.0044,-27.6248680811629
"60",1992,-2.81,0.068015655278,0.0757197652499999,-0.0109821478040003,0.00741818481199985,-0.0281,-77.1196107952994
"61",1993,0.77,0.03385616807,-0.0120394078750001,0.141514477935,0.00701632264999996,0.0077,1.48444892160569
"62",1993,-0.24,0.000513606960000246,0.00962871984000002,0.0172691045439999,0.00711679320000003,-0.0024,-20.6635387334151
"63",1993,1.1,0.0324331117759999,0.0443275884800001,0.0231218885119999,0.00751875559999982,0.011,7.55872561146836
"64",1993,-0.25,0.0113499129149999,0.012092787776,-0.0124647647519999,0.00701632264999974,-0.0025,-20.6625170417641
"65",1994,1.31,-0.045547780384,0.0185585670080002,0.019891830623,0.00731768417499978,0.0131,12.5549756633075
"66",1994,1.54,-0.0180435350320001,-0.033873932032,0.035639839808,0.00892637594700019,0.0154,14.0559932903374
"67",1994,1.51,0.044726968058,0.0230502047039998,-0.0427797128349999,0.010234448332,0.0151,10.5644320768837
"68",1994,1.88,-0.019178215696,-0.0231744313000002,-0.02145323814,0.0119471218640002,0.0188,14.8794567479522
"69",1995,2.11,0.0779513841199999,-0.03637837993,-0.000653057559999892,0.01285459728,0.0211,17.9030052347176
"70",1995,2.08,0.0792912636800001,0.00318037169999985,0.00553426063999995,0.014569931672,0.0208,13.5271677656555
"71",1995,2.06,0.0778419041,0.0194592225370001,-0.0129987629599999,0.0135608009449999,0.0206,15.2840099882819
"72",1995,1.09,0.0342437058800003,-0.043947796955,0.0166321468540001,0.0138634467259997,0.0109,-6.4344464485271
"73",1996,2.4,0.043764844234,0.00832740747199989,-0.00693949364000002,0.0121488154029998,0.024,25.7321354799392
"74",1996,2.29,0.0327767377760002,0.0423605783360002,-0.0354670342399999,0.01285459728,0.0229,21.8112933459006
"75",1996,2.63,0.0147581444560001,-0.0216100614400001,-0.00167360505999992,0.01305637118,0.0263,28.7555094811812
"76",1996,2.61,0.0534196624999999,-0.0470506649080001,0.06027853568,0.0129554792119999,0.0261,28.540319068299
"77",1997,2.34,-0.00779571114699995,-0.044068299176,0.0618745690159999,0.012753745465,0.0234,23.1159055709825
"78",1997,2.82,0.15605440136,0.00849646831999995,-0.0464515141749998,0.012955187959,0.0282,33.1006209205886
"79",1997,3.38,0.0837966056749999,0.0745027252879997,0.00995407066400023,0.012854667572,0.0338,45.4779965072931
"80",1997,4.71,0.00374441232000011,-0.0808000437340001,0.0710225583200002,0.0129553386239998,0.0471,74.1373189534391
"81",1998,4.14,0.12292814942,-0.0158710563999999,-0.016782877,0.0121488154029998,0.0414,63.5122538880414
"82",1998,4.19,0.00742464330200021,-0.06130106944,0.0214540265600001,0.01245130052,0.0419,63.9411122597136
"83",1998,3.46,-0.13110314568,-0.1053944193,-0.000253306375999962,0.0129554591199998,0.0346,46.9961676629548
"84",1998,3.55,0.20666689688,-0.0238975885899999,-0.105089162,0.0101338976960001,0.0355,55.0766867009854
"85",1999,2.59,0.0270226339999999,-0.083861024704,-0.06868220656,0.0113424026750002,0.0259,31.6084914181588
"86",1999,2.62,0.066176000914,0.106143790136,0.00768286304399979,0.0111410303200001,0.0262,32.6971067594491
"87",1999,2.81,-0.074771745966,0.040471102748,-0.033742715392,0.0116449077980001,0.0281,35.7284673452756
"88",1999,2.89,0.181759290532,0.0747411272,-0.190585458376,0.0119471017760002,0.0289,36.8093392105297
"89",2000,2.4,0.0266875124000001,0.064537658366,-0.05680069129,0.0131571928609999,0.024,23.5426745740022
"90",2000,3.05,-0.0638604236800001,-0.00164013281999986,0.017993887556,0.0136614919999998,0.0305,36.5609670147002
"91",2000,2.94,-0.0134317631149999,-0.055528559592,0.14442151964,0.0149741023999999,0.0294,31.3225356017909
"92",2000,3.33,-0.121510191232,-0.0523714074399999,0.249860759264,0.0157822028000001,0.0333,38.0358880727079
"93",2001,2.36,-0.13969335581,0.0641831921,0.141588760676,0.0134592461840002,0.0236,22.0183264319475
"94",2001,2.47,0.0660805494080001,0.0994080640999999,-0.039419374756,0.009932394944,0.0247,32.0644751505614
"95",2001,1.6,-0.16920554815,-0.0868050085440001,0.111866641176,0.00892640604000006,0.016,15.358690654002
"96",2001,0.67,0.119594702924,0.127225054208,-0.05941583275,0.00540959561000021,0.0067,2.80181785336362
"97",2002,1.51,0.00386222182400009,0.037692091776,0.0874131020479998,0.00400533236600009,0.0151,24.0895320063825
"98",2002,1.61,-0.13248995896,0.0553180431499998,0.0842777723779997,0.00420587273000028,0.0161,25.8253756679095
"99",2002,1.79,-0.1727178685,-0.048214223326,-0.00221485454000014,0.0043061629400003,0.0179,29.5159065371975
"100",2002,1.67,0.0768546959360001,-0.00363685095999977,-0.043362659692,0.00370454184800018,0.0167,28.2166636637983
"101",2003,1.88,-0.0335966235560001,0.0184407917060001,-0.038218443264,0.00290280089999984,0.0188,34.5171301353552
"102",2003,2.09,0.16397005802,0.0755159645999999,0.00780328737199998,0.00290280089999984,0.0209,39.076799598402
"103",2003,1.97,0.0344615212400001,0.0898725086599999,0.00580728109399997,0.00220161039199973,0.0197,37.993748927664
"104",2003,2.76,0.12124348232,0.0223986315039999,0.0606458961799998,0.00220161039199973,0.0276,55.1467911934116
"105",2004,2.56,0.0221284267999999,0.033357862024,0.0207837988249999,0.00220159037799972,0.0256,50.804292303474
"106",2004,3.13,0.011659147554,-0.00429757911999984,-0.00357796966300006,0.00220160038399975,0.0313,63.1805162631473
"107",2004,3.42,-0.0244697996800001,-0.02555736694,0.061133101964,0.00320341121000012,0.0342,67.3019996973245
"108",2004,4.66,0.0967191982460001,0.0480661694720002,0.007299599672,0.00420581264000019,0.0466,92.0492769124172
"109",2005,3.51,-0.0287399736920001,-0.036375605362,0.0744402666249999,0.00530928537600017,0.0351,64.6837198825686
"110",2005,5.34,0.0152011998949999,0.0143114336000001,0.0106777034959999,0.00681540159199989,0.0534,101.147795623456
"111",2005,4.44,0.0315517166239998,0.011725742456,0.0210392235200001,0.00832288087999977,0.0444,78.3332087457939
"112",2005,5.43,0.0126328530500002,-0.005699359756,-0.0198974048010001,0.00902695678400023,0.0543,98.3000536434251
"113",2006,3.62,0.04230750848,0.0870987164799999,0.00269789840000012,0.0106374740300001,0.0362,55.5031757446426
"114",2006,4.01,-0.0320602978649998,-0.047790408976,0.0765113064530001,0.0119471419200001,0.0401,61.1274891832696
"115",2006,3.51,0.0309687465439998,-0.0440348032000001,0.0101620247360001,0.0123504888799999,0.0351,49.3953576919563
"116",2006,4.51,0.0590869152709999,0.0151115184540001,0.0350655406079998,0.0123504888800001,0.0451,71.1080694207502
"117",2007,3.62,0.000885654079999965,0.0119743379420001,0.00610809812799995,0.0125520518959998,0.0362,51.3461080159644
"118",2007,4.59,0.047489517104,-0.0137568880800001,-0.021667795306,0.0125521121600001,0.0459,72.4073075434084
"119",2007,3.56,0.00284097024800012,-0.05216460892,-0.073254428668,0.0114430937600001,0.0356,52.4511941448631
"120",2007,3.21,-0.03959822622,-0.02595843064,-0.0302855,0.00932872937600004,0.0321,49.4426034757274
"121",2008,1.6,-0.100974186732,-0.00516382372500002,0.0332758842119998,0.00510851464099993,0.016,23.6483681898353
"122",2008,0.56,-0.0244688526400001,0.0260114689769999,-0.0151482322240001,0.0053093655080001,0.0056,0.63104629432385
"123",2008,-0.17,-0.0856091643560001,0.0705632754410002,0.0985449492799999,0.00430615292500014,-0.0017,-13.0409867059583
"124",2008,-8.29,-0.224087235628,-0.020799046192,-0.0888890647200001,0.00110023999999997,-0.0829,-182.387299626954
"125",2009,-7.33,-0.1000716926,-0.00606534270000003,-0.13916530558,0.000300020000000067,-0.0733,-159.80560174935
"126",2009,-5.2,0.164294018657,0.05275458554,0.034236994112,0.000200009999999917,-0.052,-113.340376937018
"127",2009,-3.32,0.158484047008,0.0449578159999999,0.142894471817,0.000300030000999874,-0.0332,-72.7376494317672
"128",2009,-2.11,0.0565371089000002,-0.0138905544279999,-0.0351772248879998,9.9999999999989e-05,-0.0211,-46.030948865044
"129",2010,0.76,0.0623107545600001,0.0325914177919999,0.0546498079000002,9.9999999999989e-05,0.0076,16.2845337965958
"130",2010,3.31,-0.1127154232,0.0262331961279998,-0.0354770849799999,0.000300030000999874,0.0331,71.2176293301392
"131",2010,3.86,0.115439674806,0.00995381255599992,-0.0412388909,0.000300030000999874,0.0386,83.1596207809761
"132",2010,4.62,0.11630403696,0.05575651573,0.00469122092800012,0.000300030000999874,0.0462,99.6612816948598
"133",2011,3.36,0.0602442352950001,0.01757148272,0.0123387514799997,0.000300030000999874,0.0336,72.3032649165789
"134",2011,3.94,-0.00184710475000016,-0.0112639899520001,-0.0441543231370001,0,0.0394,85.5480842114497
"135",2011,3.3,-0.151756005276,-0.08228609468,-0.036554501902,9.9999999999989e-05,0.033,71.4348215877334
"136",2011,2.96,0.11859902828,0.0273173820379999,0.00444862668800017,0,0.0296,64.2696267172312
"137",2012,2.59,0.13104668831,0.00606471580800028,-0.0217959148160001,0,0.0259,56.2359233775773
"138",2012,2.68,-0.033691942765,0.000746821007999943,0.00419524102400004,9.9999999999989e-05,0.0268,57.9729403158809
"139",2012,2.34,0.0618187695850001,-0.0142781145400001,0.0214906072700001,0.000200009999999917,0.0234,50.3734694980913
"140",2012,2.54,0.00174546009600007,0.012062348622,0.0634177995000003,0.000300030000999874,0.0254,54.4988412989676
"141",2013,2.57,0.112412066759,0.00908815786099981,0.015428367206,0,0.0257,55.8016691430014
"142",2013,2.87,0.0315083584000002,0.00727089360000011,0.012877761872,0,0.0287,62.3154826616397
"143",2013,2.59,0.0666195056450001,0.0507713755549997,-0.033005665564,0,0.0259,56.2359233775773
"144",2013,2.53,0.104492106896,-0.00679958536599989,0.00814261435000008,0,0.0253,54.9331606738497
"145",2014,2.74,0.01610675166,-0.00688589190400002,0.0223006693759999,0,0.0274,59.4928301368965
"146",2014,2.91,0.045247908446,-0.031704982453,0.00516219375600002,0,0.0291,63.1839911307915
"147",2014,2.63,0.000922649524000008,-0.0746615506400001,-0.0233815979249999,0,0.0263,57.1044318467291
"148",2014,3.04,0.05071179444,0.0459122181200002,-0.0380509150239999,0,0.0304,66.0066436555348
"149",2015,3.57,0.0167766820159998,0.029621072648,-0.0588508849959999,0,0.0357,77.5143808717958
"150",2015,3.14,0.0039806623280001,0.00693301385599998,-0.00871638878000003,0,0.0314,68.1779148284142
"151",2015,NA,NA,NA,NA,NA,NA,NA
"152",2015,NA,NA,NA,NA,NA,NA,NA
